0.0147	0.0215	0.0080	0.0145	0.0100	0.0254	0.0244
0.0215	0.0534	0.0162	0.0243	0.0322	0.0400	0.0490
0.0080	0.0162	0.1279	0.0209	0.0128	0.1015	0.0515
0.0145	0.0243	0.0209	0.0288	0.0113	0.0291	0.0208
0.0100	0.0322	0.0128	0.0113	0.0413	0.0296	0.0290
0.0254	0.0400	0.1015	0.0291	0.0296	0.1467	0.0900
0.0244	0.0490	0.0515	0.0208	0.0290	0.0900	0.0955
