1.501	0.867	0.808	0.979	0.684	0.882	1.075	-0.227
0.867	1.519	1.053	1.061	0.958	0.983	0.855	-0.326
0.808	1.053	1.214	0.940	0.820	0.847	0.759	-0.328
0.979	1.061	0.940	0.946	0.772	0.824	0.827	-0.296
0.684	0.958	0.820	0.772	1.084	0.944	0.766	-0.121
0.882	0.983	0.847	0.824	0.944	1.681	1.157	-0.229
1.075	0.855	0.759	0.827	0.766	1.157	1.023	-0.206
-0.227	-0.326	-0.328	-0.296	-0.121	-0.229	-0.206	1.209
